memoria;threads;tempo_total
24000000;10;0.165855
96000000;10;1.79403
216000000;10;6.86029
384000000;10;22.4143
memoria;threads;tempo_total
24000000;11;0.184579
96000000;11;1.80205
216000000;11;7.19638
384000000;11;22.8258
memoria;threads;tempo_total
24000000;12;0.165802
96000000;12;1.75584
216000000;12;6.90326
384000000;12;22.08
memoria;threads;tempo_total
24000000;1;0.974938
96000000;1;11.1722
216000000;1;39.0976
384000000;1;105.849
memoria;threads;tempo_total
24000000;2;0.455959
96000000;2;5.08636
216000000;2;18.6833
384000000;2;50.4705
memoria;threads;tempo_total
24000000;3;0.353856
96000000;3;3.29122
216000000;3;12.289
384000000;3;33.4015
memoria;threads;tempo_total
24000000;4;0.238382
96000000;4;2.493
216000000;4;9.26129
384000000;4;23.8822
memoria;threads;tempo_total
24000000;5;0.221427
96000000;5;2.00517
216000000;5;7.41928
384000000;5;19.1931
memoria;threads;tempo_total
24000000;6;0.171442
96000000;6;1.70958
216000000;6;6.34069
384000000;6;16.9594
memoria;threads;tempo_total
24000000;7;0.190114
96000000;7;1.74286
216000000;7;6.47603
384000000;7;19.5163
memoria;threads;tempo_total
24000000;8;0.189654
96000000;8;1.76232
216000000;8;6.4059
384000000;8;21.147
memoria;threads;tempo_total
24000000;9;0.186568
96000000;9;1.80196
216000000;9;6.4912
384000000;9;22.126
